00,01 25.0
00,01 24.953125
00,01 25.0
00,01 24.984375
00,01 24.96875
00,01 24.984375
00,01 24.96875
00,01 24.96875
00,01 24.96875
00,01 24.96875
00,01 24.96875
00,01 24.96875
00,01 24.96875
00,01 24.96875
00,01 24.953125
00,01 24.953125
00,08 56.8125
00,08 65.875
00,08 65.796875
00,08 65.90625
00,08 65.90625
00,08 65.90625
00,08 65.890625
00,08 65.890625
00,08 65.890625
00,08 65.890625
00,08 65.875
00,08 65.875
00,08 65.875
00,08 65.859375
00,08 65.890625
00,08 65.9375
00,08 65.9375
00,08 65.953125
00,08 65.96875
00,08 65.96875
00,08 65.96875
00,08 66.0
00,08 65.96875
00,08 65.9375
00,08 65.953125
00,08 65.953125
00,08 65.984375
00,08 66.015625
