00,19 24.96875
00,22 25.015625
00,38 24.96875
00,38 25.015625
00,38 25.015625
00,39 25.015625
00,39 25.015625
00,44 25.015625
00,48 24.984375
00,50 24.96875
00,51 24.96875
00,51 24.984375
00,51 24.984375
00,51 24.96875
00,51 24.984375
00,51 24.984375
00,51 24.984375
00,51 25.0
00,51 24.984375
00,51 24.984375
00,51 24.984375
00,51 24.96875
00,51 24.984375
00,51 24.984375
00,51 24.984375
00,52 25.015625
00,52 24.984375
00,52 25.0
00,52 25.0
00,52 25.0
00,52 25.0
00,52 25.0
00,52 50.203125
00,52 57.953125
00,52 25.484375
00,52 12.59375
00,52 0.015625
00,53 38.40625
00,53 38.40625
00,54 38.421875
00,54 38.421875
00,56 38.390625
00,59 38.390625
01,00 38.390625
01,00 38.390625
01,01 38.40625
01,02 38.40625
01,05 38.390625
01,05 38.390625
01,06 38.40625
01,08 38.375
01,08 38.421875
01,09 38.375
01,09 38.421875
01,10 38.390625
01,10 38.390625
01,10 38.390625
01,10 38.359375
01,10 38.359375
01,10 38.390625
01,11 38.390625
01,23 38.421875
01,24 38.421875
01,24 38.421875
01,24 38.390625
01,24 38.390625
13,16 25.03125
13,32 25.0
13,32 24.984375
13,33 25.0
13,34 24.984375
13,35 24.984375
13,35 24.984375
13,36 25.015625
13,36 25.0
13,36 25.046875
13,38 25.015625
13,38 25.015625
13,39 25.0
13,45 25.0
13,45 25.015625
13,50 24.96875
13,52 25.0
13,57 24.984375
