00,19 44.6796875
00,22 45.14453125
00,38 44.69140625
00,38 44.84375
00,38 45.44140625
00,39 45.03125
00,39 45.1875
00,44 44.984375
00,48 45.0234375
00,50 44.77734375
00,51 44.3125
00,51 44.87890625
00,51 45.1171875
00,51 44.70703125
00,51 44.734375
00,51 44.76953125
00,51 44.69140625
00,51 44.9140625
00,51 44.89453125
00,51 44.97265625
00,51 45.01171875
00,51 44.83203125
00,51 45.03125
00,51 44.8046875
00,51 44.96484375
00,52 45.1484375
00,52 44.984375
00,52 45.28125
00,52 45.19140625
00,52 45.2734375
00,52 45.1875
00,52 45.1015625
00,52 44.96484375
00,52 44.48046875
00,52 44.55859375
00,52 44.85546875
00,52 44.890625
00,53 45.33984375
00,53 45.18359375
00,54 45.078125
00,54 45.15625
00,56 45.34375
00,59 44.6796875
01,00 45.05078125
01,00 45.0390625
01,01 45.3671875
01,02 45.0390625
01,05 45.1796875
01,05 45.15625
01,06 44.85546875
01,08 44.3046875
01,08 45.11328125
01,09 44.87109375
01,09 44.88671875
01,10 44.92578125
01,10 45.08203125
01,10 45.08984375
01,10 45.265625
01,10 44.9296875
01,10 44.828125
01,11 45.2109375
01,23 44.88671875
01,24 44.77734375
01,24 44.72265625
01,24 44.953125
01,24 44.875
13,16 44.62109375
13,32 45.0703125
13,32 45.0078125
13,33 44.984375
13,34 45.3515625
13,35 45.25
13,35 45.09375
13,36 44.93359375
13,36 45.18359375
13,36 44.5390625
13,38 45.01953125
13,38 44.77734375
13,39 45.015625
13,45 45.1015625
13,45 45.1328125
13,50 44.9296875
13,52 45.296875
13,57 45.18359375
