00,01 44.95703125
00,01 44.9921875
00,01 44.734375
00,01 44.875
00,01 44.84375
00,01 44.7578125
00,01 44.83984375
00,01 44.8671875
00,01 44.93359375
00,01 44.9609375
00,01 44.9453125
00,01 44.80078125
00,01 44.70703125
00,01 44.578125
00,01 44.66015625
00,01 44.55078125
00,08 44.796875
00,08 45.16015625
00,08 45.01953125
00,08 44.9296875
00,08 44.859375
00,08 44.96875
00,08 44.80859375
00,08 44.7890625
00,08 44.8046875
00,08 44.73046875
00,08 44.99609375
00,08 45.12109375
00,08 45.265625
00,08 45.3046875
00,08 45.2734375
00,08 45.36328125
00,08 45.40234375
00,08 45.2421875
00,08 45.10546875
00,08 45.1328125
00,08 45.3359375
00,08 45.359375
00,08 45.2578125
00,08 45.30078125
00,08 45.10546875
00,08 45.19921875
00,08 45.22265625
00,08 45.09765625
