00,19 1013.00146484375
00,22 1013.006103515625
00,38 1013.005126953125
00,38 1013.003662109375
00,38 1013.006591796875
00,39 1012.9951171875
00,39 1013.016845703125
00,44 1012.986572265625
00,48 1012.98388671875
00,50 1013.008056640625
00,51 1012.996337890625
00,51 1013.0009765625
00,51 1012.9921875
00,51 1012.99560546875
00,51 1013.00048828125
00,51 1012.997802734375
00,51 1012.997802734375
00,51 1012.999755859375
00,51 1012.9951171875
00,51 1012.999755859375
00,51 1013.00341796875
00,51 1013.004150390625
00,51 1013.000244140625
00,51 1012.99658203125
00,51 1012.993896484375
00,52 1013.007080078125
00,52 1012.998046875
00,52 1012.994140625
00,52 1012.9931640625
00,52 1013.0
00,52 1013.006591796875
00,52 1013.0126953125
00,52 1013.002685546875
00,52 1012.9951171875
00,52 1013.02392578125
00,52 1012.970458984375
00,52 1012.992431640625
00,53 1012.99609375
00,53 1013.001708984375
00,54 1012.989990234375
00,54 1013.000732421875
00,56 1012.994140625
00,59 1013.0048828125
01,00 1013.0
01,00 1012.995849609375
01,01 1012.991943359375
01,02 1013.000732421875
01,05 1012.9951171875
01,05 1012.99560546875
01,06 1012.99072265625
01,08 1012.99267578125
01,08 1012.991943359375
01,09 1013.005859375
01,09 1013.0009765625
01,10 1013.005126953125
01,10 1013.0078125
01,10 1013.001708984375
01,10 1012.9990234375
01,10 1013.0068359375
01,10 1013.004638671875
01,11 1012.99951171875
01,23 1012.998779296875
01,24 1012.99560546875
01,24 1013.010986328125
01,24 1012.997314453125
01,24 1012.9873046875
13,16 1013.01220703125
13,32 1013.00341796875
13,32 1012.9990234375
13,33 1012.99658203125
13,34 1012.997314453125
13,35 1012.997802734375
13,35 1012.998291015625
13,36 1012.994384765625
13,36 1013.004638671875
13,36 1012.994873046875
13,38 1012.992431640625
13,38 1013.00244140625
13,39 1013.0126953125
13,45 1013.01318359375
13,45 1012.988037109375
13,50 1013.002197265625
13,52 1012.984130859375
13,57 1013.008056640625
