15,53 1012.998046875
16,34 1013.0107421875
16,35 1012.996337890625
22,41 1013.00341796875
22,47 1012.990234375
22,52 1012.99560546875
23,24 1012.990234375
23,24 1012.9970703125
23,25 1013.01025390625
23,25 1013.002685546875
23,26 1012.9990234375
23,27 1012.990966796875
23,27 1012.99365234375
23,27 1013.001220703125
23,27 1012.99755859375
23,28 1012.990478515625
23,28 1013.005126953125
23,29 1013.008056640625
23,30 1013.00634765625
23,41 1013.010009765625
23,44 1013.00244140625
23,49 1012.997314453125
