00,01 1013.000732421875
00,01 1013.00439453125
00,01 1013.009033203125
00,01 1013.011962890625
00,01 1013.00390625
00,01 1013.006591796875
00,01 1013.009765625
00,01 1013.002197265625
00,01 1012.995849609375
00,01 1012.9951171875
00,01 1012.99658203125
00,01 1012.99951171875
00,01 1012.996337890625
00,01 1012.995849609375
00,01 1012.989013671875
00,01 1012.987548828125
00,08 1012.97412109375
00,08 1012.978271484375
00,08 1013.03564453125
00,08 1012.96435546875
00,08 1012.96142578125
00,08 1012.951904296875
00,08 1012.9541015625
00,08 1012.92626953125
00,08 1012.9482421875
00,08 1012.940673828125
00,08 1012.969970703125
00,08 1012.9677734375
00,08 1012.975341796875
00,08 1012.9921875
00,08 1013.001708984375
00,08 1012.992919921875
00,08 1012.992919921875
00,08 1013.01025390625
00,08 1013.001220703125
00,08 1012.994140625
00,08 1012.983642578125
00,08 1012.974853515625
00,08 1012.982421875
00,08 1012.989013671875
00,08 1012.99462890625
00,08 1012.992431640625
00,08 1012.98486328125
00,08 1013.012451171875
